version=1
MapID=148
evacPoint=224.15759277344,302.2366027832,-230.93421936035
botanySpot=Botany 11 - 20:-78.06,-4.11,-77.45,1.351:16:50:1673:None,None
