version=1
MapID=148
evacPoint=224.15759277344,302.2366027832,-230.93421936035
botanySpot=Botany 1 - 10:92.37,3.45,-193.36,-1.839:1:50:1540:None,None
