version=1
MapID=153
evacPoint=175.25788879395,9.5132837295532,-71.815849304199
botanySpot=Botany 31 - 40:-160.72,0.73,314.22,-0.164:31:50:1074:None,None
