version=1
MapID=152
evacPoint=221.7529296875,302,-200.93934631348
botanySpot=Botany 41 - 50:-246.69,7.62,67.87,3.116:1:50:1628:None,None
