version=1
MapID=153
evacPoint=175.25788879395,9.5132837295532,-71.815849304199
miningSpot=Mining 31 - 40:293.86,2.17,39.76,-1.907:36:50:1332:None,None
