version=1
MapID=139
evacPoint=221.7529296875,302,-200.93934631348
miningSpot=Mining 21 - 30:-420.72,-11.01,224.87,1.765:21:50:1427:None,None
