version=1
MapID=154
evacPoint=221.7529296875,302,-200.93934631348
botanySpot=Botany 21 - 30:78.2,-36.75,234.85,1.848:26:50:1407:None,None
