version=1
MapID=135
evacPoint=221.7529296875,302,-200.93934631348
fishingSpot=Fish 2:222.34,8.25,693.5,-0.594:11:50:1074:Rat Tail
fishingSpot=Fishing 11 - 20:235.34,8.25,703.34,-0.659:11:50:1407:Rat Tail
