version=1
MapID=135
evacPoint=221.7529296875,302,-200.93934631348
miningSpot=Mining 1-10:327.33,63.99,-111.72,0.751:1:50:1407:None,None
