version=1
MapID=154
evacPoint=221.7529296875,302,-200.93934631348
miningSpot=Mining 1 - 10:361.42,-1.36,178.35,-2.212:6:50:1707:None,None
